6 6 0 0 6 6 2 2 F F 9 9 F F B B
6 6 0 0 6 6 2 2 F F 9 9 F F B B
0 9 0 9 0 9 0 9 0 9 0 9 0 9 0 9
4 D 4 D 4 D 4 D 4 D 4 D 4 D 4 D
6 6 0 0 6 6 2 2 F F 9 9 F F B B
6 6 0 0 6 6 2 2 F F 9 9 F F B B
2 B 2 B 2 B 2 B 2 B 2 B 2 B 2 B
6 F 6 F 6 F 6 F 6 F 6 F 6 F 6 F
6 6 0 0 4 4 2 2 7 7 1 1 5 5 3 3
6 6 4 4 4 4 6 6 7 7 5 5 5 5 7 7
6 6 8 8 4 4 A A 7 7 9 9 5 5 B B
6 6 C 8 4 4 E A 7 7 D 9 5 5 F B
6 6 0 0 4 4 2 2 7 7 1 1 5 5 3 3
6 6 4 4 4 4 6 6 7 7 5 5 5 5 7 7
6 6 8 8 4 4 A A 7 7 9 9 5 5 B B
6 6 C 8 4 4 E A 7 7 D 9 5 5 F B